<?xml version="1.0"?>
<opencv_storage>
<Intrinsics type_id="opencv-matrix">
  <rows>2</rows>
  <cols>25</cols>
  <dt>d</dt>
  <data>
    302. 314. 327. 339. 351. 302. 314. 325. 338. 352. 302. 314. 327.
    338. 351. 302. 314. 326. 337. 351. 302. 314. 325. 338. 347. 181.
    182. 182. 184. 184. 189. 190. 193. 193. 193. 197. 198. 198. 199.
    200. 204. 205. 205. 207. 209. 213. 214. 215. 216. 216.</data></Intrinsics>
</opencv_storage>
